{
 "cells": [
  {
   "cell_type": "code",
   "execution_count": 1,
   "metadata": {},
   "outputs": [
    {
     "name": "stdout",
     "output_type": "stream",
     "text": [
      "Enter integers for x and y to generate the table\n",
      "\n",
      "\n",
      "First enter an integer value for x = 100\n",
      "\n",
      "\n",
      "Now enter an integer value for y = 100\n",
      "\n",
      "\n",
      "100\n",
      "\n",
      "\n",
      "100\n",
      "\n",
      "\n"
     ]
    }
   ],
   "source": [
    "# This step prompts the user to enter 2 integer inputs\n",
    "# These inputs are used to define the dimensions of the sum product table\n",
    "\n",
    "print(\"Enter integers for x and y to generate the table\")\n",
    "print(\"\\n\")\n",
    "\n",
    "x = input(\"First enter an integer value for x = \")\n",
    "print(\"\\n\")\n",
    "\n",
    "y = input(\"Now enter an integer value for y = \")\n",
    "print(\"\\n\")\n",
    "\n",
    "print(x)\n",
    "print(\"\\n\")\n",
    "\n",
    "print(y)\n",
    "print(\"\\n\")\n",
    "\n",
    "x = int(x)\n",
    "y = int(y)"
   ]
  },
  {
   "cell_type": "code",
   "execution_count": 2,
   "metadata": {},
   "outputs": [
    {
     "name": "stdout",
     "output_type": "stream",
     "text": [
      "[[1.0, 1.4142135623730951, 1.7320508075688772, 2.0, 2.23606797749979, 2.449489742783178, 2.6457513110645907, 2.8284271247461903, 3.0, 3.1622776601683795, 3.3166247903554, 3.4641016151377544, 3.605551275463989, 3.7416573867739413, 3.872983346207417, 4.0, 4.123105625617661, 4.242640687119285, 4.358898943540674, 4.47213595499958, 4.58257569495584, 4.69041575982343, 4.795831523312719, 4.898979485566356, 5.0, 5.0990195135927845, 5.196152422706632, 5.291502622129181, 5.385164807134504, 5.477225575051661, 5.5677643628300215, 5.656854249492381, 5.744562646538029, 5.830951894845301, 5.916079783099616, 6.0, 6.082762530298219, 6.164414002968976, 6.244997998398398, 6.324555320336759, 6.4031242374328485, 6.48074069840786, 6.557438524302, 6.6332495807108, 6.708203932499369, 6.782329983125268, 6.855654600401044, 6.928203230275509, 7.0, 7.0710678118654755, 7.14142842854285, 7.211102550927978, 7.280109889280518, 7.3484692283495345, 7.416198487095663, 7.483314773547883, 7.54983443527075, 7.615773105863909, 7.681145747868608, 7.745966692414834, 7.810249675906654, 7.874007874011811, 7.937253933193772, 8.0, 8.06225774829855, 8.12403840463596, 8.18535277187245, 8.246211251235321, 8.306623862918075, 8.366600265340756, 8.426149773176359, 8.48528137423857, 8.54400374531753, 8.602325267042627, 8.660254037844387, 8.717797887081348, 8.774964387392123, 8.831760866327848, 8.888194417315589, 8.94427190999916, 9.0, 9.055385138137417, 9.1104335791443, 9.16515138991168, 9.219544457292887, 9.273618495495704, 9.327379053088816, 9.38083151964686, 9.433981132056603, 9.486832980505138, 9.539392014169456, 9.591663046625438, 9.643650760992955, 9.695359714832659, 9.746794344808963, 9.797958971132712, 9.848857801796104, 9.899494936611665, 9.9498743710662, 10.0], [1.4142135623730951, 2.0, 2.449489742783178, 2.8284271247461903, 3.1622776601683795, 3.4641016151377544, 3.7416573867739413, 4.0, 4.242640687119285, 4.47213595499958, 4.69041575982343, 4.898979485566356, 5.0990195135927845, 5.291502622129181, 5.477225575051661, 5.656854249492381, 5.830951894845301, 6.0, 6.164414002968976, 6.324555320336759, 6.48074069840786, 6.6332495807108, 6.782329983125268, 6.928203230275509, 7.0710678118654755, 7.211102550927978, 7.3484692283495345, 7.483314773547883, 7.615773105863909, 7.745966692414834, 7.874007874011811, 8.0, 8.12403840463596, 8.246211251235321, 8.366600265340756, 8.48528137423857, 8.602325267042627, 8.717797887081348, 8.831760866327848, 8.94427190999916, 9.055385138137417, 9.16515138991168, 9.273618495495704, 9.38083151964686, 9.486832980505138, 9.591663046625438, 9.695359714832659, 9.797958971132712, 9.899494936611665, 10.0, 10.099504938362077, 10.198039027185569, 10.295630140987, 10.392304845413264, 10.488088481701515, 10.583005244258363, 10.677078252031311, 10.770329614269007, 10.862780491200215, 10.954451150103322, 11.045361017187261, 11.135528725660043, 11.224972160321824, 11.313708498984761, 11.40175425099138, 11.489125293076057, 11.575836902790225, 11.661903789690601, 11.74734012447073, 11.832159566199232, 11.916375287812984, 12.0, 12.083045973594572, 12.165525060596439, 12.24744871391589, 12.328828005937952, 12.409673645990857, 12.489995996796797, 12.569805089976535, 12.649110640673518, 12.727922061357855, 12.806248474865697, 12.884098726725126, 12.96148139681572, 13.038404810405298, 13.114877048604, 13.19090595827292, 13.2664991614216, 13.341664064126334, 13.416407864998739, 13.490737563232042, 13.564659966250536, 13.638181696985855, 13.711309200802088, 13.784048752090222, 13.856406460551018, 13.92838827718412, 14.0, 14.071247279470288, 14.142135623730951], [1.7320508075688772, 2.449489742783178, 3.0, 3.4641016151377544, 3.872983346207417, 4.242640687119285, 4.58257569495584, 4.898979485566356, 5.196152422706632, 5.477225575051661, 5.744562646538029, 6.0, 6.244997998398398, 6.48074069840786, 6.708203932499369, 6.928203230275509, 7.14142842854285, 7.3484692283495345, 7.54983443527075, 7.745966692414834, 7.937253933193772, 8.12403840463596, 8.306623862918075, 8.48528137423857, 8.660254037844387, 8.831760866327848, 9.0, 9.16515138991168, 9.327379053088816, 9.486832980505138, 9.643650760992955, 9.797958971132712, 9.9498743710662, 10.099504938362077, 10.246950765959598, 10.392304845413264, 10.535653752852738, 10.677078252031311, 10.816653826391969, 10.954451150103322, 11.090536506409418, 11.224972160321824, 11.357816691600547, 11.489125293076057, 11.61895003862225, 11.74734012447073, 11.874342087037917, 12.0, 12.12435565298214, 12.24744871391589, 12.36931687685298, 12.489995996796797, 12.609520212918492, 12.727922061357855, 12.84523257866513, 12.96148139681572, 13.076696830622021, 13.19090595827292, 13.30413469565007, 13.416407864998739, 13.527749258468683, 13.638181696985855, 13.74772708486752, 13.856406460551018, 13.96424004376894, 14.071247279470288, 14.177446878757825, 14.2828568570857, 14.38749456993816, 14.491376746189438, 14.594519519326424, 14.696938456699069, 14.798648586948742, 14.89966442575134, 15.0, 15.0996688705415, 15.198684153570664, 15.297058540778355, 15.394804318340652, 15.491933384829668, 15.588457268119896, 15.684387141358123, 15.7797338380595, 15.874507866387544, 15.968719422671311, 16.06237840420901, 16.15549442140351, 16.24807680927192, 16.34013463836819, 16.431676725154983, 16.522711641858304, 16.61324772583615, 16.703293088490067, 16.792855623746664, 16.881943016134134, 16.97056274847714, 17.05872210923198, 17.146428199482248, 17.233687939614086, 17.320508075688775], [2.0, 2.8284271247461903, 3.4641016151377544, 4.0, 4.47213595499958, 4.898979485566356, 5.291502622129181, 5.656854249492381, 6.0, 6.324555320336759, 6.6332495807108, 6.928203230275509, 7.211102550927978, 7.483314773547883, 7.745966692414834, 8.0, 8.246211251235321, 8.48528137423857, 8.717797887081348, 8.94427190999916, 9.16515138991168, 9.38083151964686, 9.591663046625438, 9.797958971132712, 10.0, 10.198039027185569, 10.392304845413264, 10.583005244258363, 10.770329614269007, 10.954451150103322, 11.135528725660043, 11.313708498984761, 11.489125293076057, 11.661903789690601, 11.832159566199232, 12.0, 12.165525060596439, 12.328828005937952, 12.489995996796797, 12.649110640673518, 12.806248474865697, 12.96148139681572, 13.114877048604, 13.2664991614216, 13.416407864998739, 13.564659966250536, 13.711309200802088, 13.856406460551018, 14.0, 14.142135623730951, 14.2828568570857, 14.422205101855956, 14.560219778561036, 14.696938456699069, 14.832396974191326, 14.966629547095765, 15.0996688705415, 15.231546211727817, 15.362291495737216, 15.491933384829668, 15.620499351813308, 15.748015748023622, 15.874507866387544, 16.0, 16.1245154965971, 16.24807680927192, 16.3707055437449, 16.492422502470642, 16.61324772583615, 16.73320053068151, 16.852299546352718, 16.97056274847714, 17.08800749063506, 17.204650534085253, 17.320508075688775, 17.435595774162696, 17.549928774784245, 17.663521732655695, 17.776388834631177, 17.88854381999832, 18.0, 18.110770276274835, 18.2208671582886, 18.33030277982336, 18.439088914585774, 18.547236990991408, 18.65475810617763, 18.76166303929372, 18.867962264113206, 18.973665961010276, 19.078784028338912, 19.183326093250876, 19.28730152198591, 19.390719429665317, 19.493588689617926, 19.595917942265423, 19.697715603592208, 19.79898987322333, 19.8997487421324, 20.0], [2.23606797749979, 3.1622776601683795, 3.872983346207417, 4.47213595499958, 5.0, 5.477225575051661, 5.916079783099616, 6.324555320336759, 6.708203932499369, 7.0710678118654755, 7.416198487095663, 7.745966692414834, 8.06225774829855, 8.366600265340756, 8.660254037844387, 8.94427190999916, 9.219544457292887, 9.486832980505138, 9.746794344808963, 10.0, 10.246950765959598, 10.488088481701515, 10.723805294763608, 10.954451150103322, 11.180339887498949, 11.40175425099138, 11.61895003862225, 11.832159566199232, 12.041594578792296, 12.24744871391589, 12.449899597988733, 12.649110640673518, 12.84523257866513, 13.038404810405298, 13.228756555322953, 13.416407864998739, 13.601470508735444, 13.784048752090222, 13.96424004376894, 14.142135623730951, 14.317821063276353, 14.491376746189438, 14.66287829861518, 14.832396974191326, 15.0, 15.165750888103101, 15.329709716755891, 15.491933384829668, 15.652475842498529, 15.811388300841896, 15.968719422671311, 16.1245154965971, 16.278820596099706, 16.431676725154983, 16.583123951777, 16.73320053068151, 16.881943016134134, 17.029386365926403, 17.175564037317667, 17.320508075688775, 17.46424919657298, 17.60681686165901, 17.74823934929885, 17.88854381999832, 18.027756377319946, 18.16590212458495, 18.303005217723125, 18.439088914585774, 18.57417562100671, 18.708286933869708, 18.841443681416774, 18.973665961010276, 19.1049731745428, 19.235384061671343, 19.364916731037084, 19.493588689617926, 19.621416870348583, 19.748417658131498, 19.87460691435179, 20.0, 20.12461179749811, 20.248456731316587, 20.37154878746336, 20.493901531919196, 20.615528128088304, 20.73644135332772, 20.85665361461421, 20.97617696340303, 21.095023109728988, 21.213203435596427, 21.330729007701542, 21.447610589527216, 21.563858652847824, 21.6794833886788, 21.79449471770337, 21.908902300206645, 22.02271554554524, 22.135943621178654, 22.24859546128699, 22.360679774997898], [2.449489742783178, 3.4641016151377544, 4.242640687119285, 4.898979485566356, 5.477225575051661, 6.0, 6.48074069840786, 6.928203230275509, 7.3484692283495345, 7.745966692414834, 8.12403840463596, 8.48528137423857, 8.831760866327848, 9.16515138991168, 9.486832980505138, 9.797958971132712, 10.099504938362077, 10.392304845413264, 10.677078252031311, 10.954451150103322, 11.224972160321824, 11.489125293076057, 11.74734012447073, 12.0, 12.24744871391589, 12.489995996796797, 12.727922061357855, 12.96148139681572, 13.19090595827292, 13.416407864998739, 13.638181696985855, 13.856406460551018, 14.071247279470288, 14.2828568570857, 14.491376746189438, 14.696938456699069, 14.89966442575134, 15.0996688705415, 15.297058540778355, 15.491933384829668, 15.684387141358123, 15.874507866387544, 16.06237840420901, 16.24807680927192, 16.431676725154983, 16.61324772583615, 16.792855623746664, 16.97056274847714, 17.146428199482248, 17.320508075688775, 17.4928556845359, 17.663521732655695, 17.832554500127006, 18.0, 18.16590212458495, 18.33030277982336, 18.49324200890693, 18.65475810617763, 18.81488772222678, 18.973665961010276, 19.131126469708992, 19.28730152198591, 19.44222209522358, 19.595917942265423, 19.748417658131498, 19.8997487421324, 20.049937655763422, 20.199009876724155, 20.346989949375804, 20.493901531919196, 20.639767440550294, 20.784609690826528, 20.92844953645635, 21.071307505705477, 21.213203435596427, 21.354156504062622, 21.494185260204677, 21.633307652783937, 21.77154105707724, 21.908902300206645, 22.045407685048602, 22.181073012818835, 22.315913604421397, 22.44994432064365, 22.58317958127243, 22.715633383201094, 22.847319317591726, 22.978250586152114, 23.108440016582687, 23.2379000772445, 23.366642891095847, 23.49468024894146, 23.62202362203543, 23.748684174075834, 23.874672772626646, 24.0, 24.124676163629637, 24.24871130596428, 24.372115213907882, 24.49489742783178], [2.6457513110645907, 3.7416573867739413, 4.58257569495584, 5.291502622129181, 5.916079783099616, 6.48074069840786, 7.0, 7.483314773547883, 7.937253933193772, 8.366600265340756, 8.774964387392123, 9.16515138991168, 9.539392014169456, 9.899494936611665, 10.246950765959598, 10.583005244258363, 10.908712114635714, 11.224972160321824, 11.532562594670797, 11.832159566199232, 12.12435565298214, 12.409673645990857, 12.68857754044952, 12.96148139681572, 13.228756555322953, 13.490737563232042, 13.74772708486752, 14.0, 14.247806848775006, 14.491376746189438, 14.730919862656235, 14.966629547095765, 15.198684153570664, 15.427248620541512, 15.652475842498529, 15.874507866387544, 16.09347693943108, 16.30950643030009, 16.522711641858304, 16.73320053068151, 16.941074346097416, 17.146428199482248, 17.349351572897472, 17.549928774784245, 17.74823934929885, 17.944358444926362, 18.138357147217054, 18.33030277982336, 18.520259177452136, 18.708286933869708, 18.894443627691185, 19.078784028338912, 19.261360284258224, 19.44222209522358, 19.621416870348583, 19.79898987322333, 19.974984355438178, 20.149441679609886, 20.322401432901575, 20.493901531919196, 20.663978319771825, 20.83266665599966, 21.0, 21.166010488516726, 21.330729007701542, 21.494185260204677, 21.656407827707714, 21.817424229271428, 21.97726097583591, 22.135943621178654, 22.293496809607955, 22.44994432064365, 22.60530911091463, 22.759613353482084, 22.9128784747792, 23.065125189341593, 23.2163735324878, 23.366642891095847, 23.515952032609693, 23.664319132398465, 23.811761799581316, 23.958297101421877, 24.1039415863879, 24.24871130596428, 24.392621835300936, 24.535688292770594, 24.677925358506133, 24.819347291981714, 24.95996794869737, 25.099800796022265, 25.238858928247925, 25.37715508089904, 25.514701644346147, 25.65151067676132, 25.787593916455254, 25.92296279363144, 26.057628441590765, 26.19160170741759, 26.324893162176366, 26.457513110645905], [2.8284271247461903, 4.0, 4.898979485566356, 5.656854249492381, 6.324555320336759, 6.928203230275509, 7.483314773547883, 8.0, 8.48528137423857, 8.94427190999916, 9.38083151964686, 9.797958971132712, 10.198039027185569, 10.583005244258363, 10.954451150103322, 11.313708498984761, 11.661903789690601, 12.0, 12.328828005937952, 12.649110640673518, 12.96148139681572, 13.2664991614216, 13.564659966250536, 13.856406460551018, 14.142135623730951, 14.422205101855956, 14.696938456699069, 14.966629547095765, 15.231546211727817, 15.491933384829668, 15.748015748023622, 16.0, 16.24807680927192, 16.492422502470642, 16.73320053068151, 16.97056274847714, 17.204650534085253, 17.435595774162696, 17.663521732655695, 17.88854381999832, 18.110770276274835, 18.33030277982336, 18.547236990991408, 18.76166303929372, 18.973665961010276, 19.183326093250876, 19.390719429665317, 19.595917942265423, 19.79898987322333, 20.0, 20.199009876724155, 20.396078054371138, 20.591260281974, 20.784609690826528, 20.97617696340303, 21.166010488516726, 21.354156504062622, 21.540659228538015, 21.72556098240043, 21.908902300206645, 22.090722034374522, 22.271057451320086, 22.44994432064365, 22.627416997969522, 22.80350850198276, 22.978250586152114, 23.15167380558045, 23.323807579381203, 23.49468024894146, 23.664319132398465, 23.83275057562597, 24.0, 24.166091947189145, 24.331050121192877, 24.49489742783178, 24.657656011875904, 24.819347291981714, 24.979991993593593, 25.13961017995307, 25.298221281347036, 25.45584412271571, 25.612496949731394, 25.768197453450252, 25.92296279363144, 26.076809620810597, 26.229754097208, 26.38181191654584, 26.5329983228432, 26.68332812825267, 26.832815729997478, 26.981475126464083, 27.129319932501073, 27.27636339397171, 27.422618401604176, 27.568097504180443, 27.712812921102035, 27.85677655436824, 28.0, 28.142494558940577, 28.284271247461902], [3.0, 4.242640687119285, 5.196152422706632, 6.0, 6.708203932499369, 7.3484692283495345, 7.937253933193772, 8.48528137423857, 9.0, 9.486832980505138, 9.9498743710662, 10.392304845413264, 10.816653826391969, 11.224972160321824, 11.61895003862225, 12.0, 12.36931687685298, 12.727922061357855, 13.076696830622021, 13.416407864998739, 13.74772708486752, 14.071247279470288, 14.38749456993816, 14.696938456699069, 15.0, 15.297058540778355, 15.588457268119896, 15.874507866387544, 16.15549442140351, 16.431676725154983, 16.703293088490067, 16.97056274847714, 17.233687939614086, 17.4928556845359, 17.74823934929885, 18.0, 18.24828759089466, 18.49324200890693, 18.734993995195193, 18.973665961010276, 19.209372712298546, 19.44222209522358, 19.672315572906, 19.8997487421324, 20.12461179749811, 20.346989949375804, 20.566963801203133, 20.784609690826528, 21.0, 21.213203435596427, 21.42428528562855, 21.633307652783937, 21.840329667841555, 22.045407685048602, 22.24859546128699, 22.44994432064365, 22.64950330581225, 22.847319317591726, 23.043437243605826, 23.2379000772445, 23.430749027719962, 23.62202362203543, 23.811761799581316, 24.0, 24.186773244895647, 24.372115213907882, 24.55605831561735, 24.73863375370596, 24.919871588754223, 25.099800796022265, 25.278449319529077, 25.45584412271571, 25.632011235952593, 25.80697580112788, 25.98076211353316, 26.153393661244042, 26.324893162176366, 26.49528259898354, 26.664583251946766, 26.832815729997478, 27.0, 27.16615541441225, 27.331300737432898, 27.49545416973504, 27.65863337187866, 27.820855486487112, 27.982137159266443, 28.142494558940577, 28.30194339616981, 28.460498941515414, 28.61817604250837, 28.77498913987632, 28.930952282978865, 29.086079144497972, 29.24038303442689, 29.393876913398138, 29.546573405388315, 29.698484809834994, 29.8496231131986, 30.0], [3.1622776601683795, 4.47213595499958, 5.477225575051661, 6.324555320336759, 7.0710678118654755, 7.745966692414834, 8.366600265340756, 8.94427190999916, 9.486832980505138, 10.0, 10.488088481701515, 10.954451150103322, 11.40175425099138, 11.832159566199232, 12.24744871391589, 12.649110640673518, 13.038404810405298, 13.416407864998739, 13.784048752090222, 14.142135623730951, 14.491376746189438, 14.832396974191326, 15.165750888103101, 15.491933384829668, 15.811388300841896, 16.1245154965971, 16.431676725154983, 16.73320053068151, 17.029386365926403, 17.320508075688775, 17.60681686165901, 17.88854381999832, 18.16590212458495, 18.439088914585774, 18.708286933869708, 18.973665961010276, 19.235384061671343, 19.493588689617926, 19.748417658131498, 20.0, 20.248456731316587, 20.493901531919196, 20.73644135332772, 20.97617696340303, 21.213203435596427, 21.447610589527216, 21.6794833886788, 21.908902300206645, 22.135943621178654, 22.360679774997898, 22.58317958127243, 22.80350850198276, 23.021728866442675, 23.2379000772445, 23.45207879911715, 23.664319132398465, 23.874672772626646, 24.08318915758459, 24.289915602982237, 24.49489742783178, 24.698178070456937, 24.899799195977465, 25.099800796022265, 25.298221281347036, 25.495097567963924, 25.69046515733026, 25.88435821108957, 26.076809620810597, 26.267851073127396, 26.457513110645905, 26.645825188948457, 26.832815729997478, 27.018512172212592, 27.202941017470888, 27.386127875258307, 27.568097504180443, 27.748873851023216, 27.92848008753788, 28.106938645110393, 28.284271247461902, 28.460498941515414, 28.635642126552707, 28.809720581775867, 28.982753492378876, 29.154759474226502, 29.32575659723036, 29.49576240750525, 29.664793948382652, 29.832867780352597, 30.0, 30.166206257996713, 30.331501776206203, 30.495901363953813, 30.659419433511783, 30.822070014844883, 30.983866769659336, 31.144823004794873, 31.304951684997057, 31.464265445104548, 31.622776601683793], [3.3166247903554, 4.69041575982343, 5.744562646538029, 6.6332495807108, 7.416198487095663, 8.12403840463596, 8.774964387392123, 9.38083151964686, 9.9498743710662, 10.488088481701515, 11.0, 11.489125293076057, 11.958260743101398, 12.409673645990857, 12.84523257866513, 13.2664991614216, 13.674794331177344, 14.071247279470288, 14.45683229480096, 14.832396974191326, 15.198684153570664, 15.556349186104045, 15.905973720586866, 16.24807680927192, 16.583123951777, 16.911534525287763, 17.233687939614086, 17.549928774784245, 17.86057109949175, 18.16590212458495, 18.466185312619388, 18.76166303929372, 19.05255888325765, 19.339079605813716, 19.621416870348583, 19.8997487421324, 20.174241001832016, 20.445048300260872, 20.71231517720798, 20.97617696340303, 21.236760581595302, 21.494185260204677, 21.748563170931547, 22.0, 22.24859546128699, 22.494443758403985, 22.737634001804146, 22.978250586152114, 23.2163735324878, 23.45207879911715, 23.68543856465402, 23.916521486202797, 24.145392935299274, 24.372115213907882, 24.596747752497688, 24.819347291981714, 25.03996805109783, 25.25866188063018, 25.475478405713993, 25.69046515733026, 25.903667693977237, 26.115129714401192, 26.324893162176366, 26.5329983228432, 26.739483914241877, 26.94438717061496, 27.147743920996454, 27.349588662354687, 27.54995462791182, 27.748873851023216, 27.94637722496424, 28.142494558940577, 28.337254630609507, 28.53068523537421, 28.722813232690143, 28.91366458960192, 29.103264421710495, 29.29163703175362, 29.478805945967352, 29.664793948382652, 29.8496231131986, 30.033314835362415, 30.215889859476256, 30.397368307141328, 30.577769702841312, 30.757112998459398, 30.93541659651604, 31.11269837220809, 31.28897569432403, 31.464265445104548, 31.63858403911275, 31.811947441173732, 31.984371183438952, 32.155870381627054, 32.32645975048923, 32.49615361854384, 32.66496594212215, 32.83291031876401, 33.0, 33.166247903554], [3.4641016151377544, 4.898979485566356, 6.0, 6.928203230275509, 7.745966692414834, 8.48528137423857, 9.16515138991168, 9.797958971132712, 10.392304845413264, 10.954451150103322, 11.489125293076057, 12.0, 12.489995996796797, 12.96148139681572, 13.416407864998739, 13.856406460551018, 14.2828568570857, 14.696938456699069, 15.0996688705415, 15.491933384829668, 15.874507866387544, 16.24807680927192, 16.61324772583615, 16.97056274847714, 17.320508075688775, 17.663521732655695, 18.0, 18.33030277982336, 18.65475810617763, 18.973665961010276, 19.28730152198591, 19.595917942265423, 19.8997487421324, 20.199009876724155, 20.493901531919196, 20.784609690826528, 21.071307505705477, 21.354156504062622, 21.633307652783937, 21.908902300206645, 22.181073012818835, 22.44994432064365, 22.715633383201094, 22.978250586152114, 23.2379000772445, 23.49468024894146, 23.748684174075834, 24.0, 24.24871130596428, 24.49489742783178, 24.73863375370596, 24.979991993593593, 25.219040425836983, 25.45584412271571, 25.69046515733026, 25.92296279363144, 26.153393661244042, 26.38181191654584, 26.60826939130014, 26.832815729997478, 27.055498516937366, 27.27636339397171, 27.49545416973504, 27.712812921102035, 27.92848008753788, 28.142494558940577, 28.35489375751565, 28.5657137141714, 28.77498913987632, 28.982753492378876, 29.189039038652847, 29.393876913398138, 29.597297173897484, 29.79932885150268, 30.0, 30.199337741083, 30.397368307141328, 30.59411708155671, 30.789608636681304, 30.983866769659336, 31.176914536239792, 31.368774282716245, 31.559467676119, 31.74901573277509, 31.937438845342623, 32.12475680841802, 32.31098884280702, 32.49615361854384, 32.68026927673638, 32.863353450309965, 33.04542328371661, 33.2264954516723, 33.406586176980134, 33.58571124749333, 33.76388603226827, 33.94112549695428, 34.11744421846396, 34.292856398964496, 34.46737587922817, 34.64101615137755], [3.605551275463989, 5.0990195135927845, 6.244997998398398, 7.211102550927978, 8.06225774829855, 8.831760866327848, 9.539392014169456, 10.198039027185569, 10.816653826391969, 11.40175425099138, 11.958260743101398, 12.489995996796797, 13.0, 13.490737563232042, 13.96424004376894, 14.422205101855956, 14.866068747318506, 15.297058540778355, 15.716233645501712, 16.1245154965971, 16.522711641858304, 16.911534525287763, 17.291616465790582, 17.663521732655695, 18.027756377319946, 18.384776310850235, 18.734993995195193, 19.078784028338912, 19.4164878389476, 19.748417658131498, 20.074859899884732, 20.396078054371138, 20.71231517720798, 21.02379604162864, 21.330729007701542, 21.633307652783937, 21.93171219946131, 22.22611077089287, 22.516660498395403, 22.80350850198276, 23.08679276123039, 23.366642891095847, 23.643180835073778, 23.916521486202797, 24.186773244895647, 24.454038521274967, 24.71841418861655, 24.979991993593593, 25.238858928247925, 25.495097567963924, 25.748786379167466, 26.0, 26.248809496813376, 26.49528259898354, 26.739483914241877, 26.981475126464083, 27.2213151776324, 27.459060435491963, 27.694764848252458, 27.92848008753788, 28.160255680657446, 28.39013913315678, 28.61817604250837, 28.844410203711913, 29.068883707497267, 29.29163703175362, 29.512709126747414, 29.732137494637012, 29.949958263743873, 30.166206257996713, 30.380915061926625, 30.59411708155671, 30.805843601498726, 31.016124838541646, 31.22498999199199, 31.432467291003423, 31.63858403911275, 31.843366656181317, 32.046840717924134, 32.2490309931942, 32.449961479175904, 32.64965543462902, 32.848135411313685, 33.04542328371661, 33.24154027718932, 33.436506994600975, 33.63034344160047, 33.823069050575526, 34.0147027033899, 34.20526275297414, 34.39476704383968, 34.583232931581165, 34.77067730142742, 34.95711658589707, 35.14256678161116, 35.32704346531139, 35.510561809129406, 35.6931365951495, 35.874782229304195, 36.05551275463989], [3.7416573867739413, 5.291502622129181, 6.48074069840786, 7.483314773547883, 8.366600265340756, 9.16515138991168, 9.899494936611665, 10.583005244258363, 11.224972160321824, 11.832159566199232, 12.409673645990857, 12.96148139681572, 13.490737563232042, 14.0, 14.491376746189438, 14.966629547095765, 15.427248620541512, 15.874507866387544, 16.30950643030009, 16.73320053068151, 17.146428199482248, 17.549928774784245, 17.944358444926362, 18.33030277982336, 18.708286933869708, 19.078784028338912, 19.44222209522358, 19.79898987322333, 20.149441679609886, 20.493901531919196, 20.83266665599966, 21.166010488516726, 21.494185260204677, 21.817424229271428, 22.135943621178654, 22.44994432064365, 22.759613353482084, 23.065125189341593, 23.366642891095847, 23.664319132398465, 23.958297101421877, 24.24871130596428, 24.535688292770594, 24.819347291981714, 25.099800796022265, 25.37715508089904, 25.65151067676132, 25.92296279363144, 26.19160170741759, 26.457513110645905, 26.720778431774775, 26.981475126464083, 27.23967694375247, 27.49545416973504, 27.748873851023216, 28.0, 28.24889378365107, 28.495613697550013, 28.74021572639983, 28.982753492378876, 29.223278392404914, 29.46183972531247, 29.698484809834994, 29.93325909419153, 30.166206257996713, 30.397368307141328, 30.62678566222711, 30.854497241083024, 31.080540535840107, 31.304951684997057, 31.52776554086889, 31.74901573277509, 31.96873472629156, 32.18695387886216, 32.4037034920393, 32.61901286060018, 32.83291031876401, 33.04542328371661, 33.25657829663178, 33.46640106136302, 33.67491648096547, 33.88214869219483, 34.08812109811862, 34.292856398964496, 34.49637662132068, 34.698703145794944, 34.899856733230294, 35.09985754956849, 35.298725189445584, 35.4964786985977, 35.6931365951495, 35.888716889852724, 36.08323710533743, 36.27671429443411, 36.46916505762094, 36.66060555964672, 36.851051545376556, 37.04051835490427, 37.22902093797257, 37.416573867739416], [3.872983346207417, 5.477225575051661, 6.708203932499369, 7.745966692414834, 8.660254037844387, 9.486832980505138, 10.246950765959598, 10.954451150103322, 11.61895003862225, 12.24744871391589, 12.84523257866513, 13.416407864998739, 13.96424004376894, 14.491376746189438, 15.0, 15.491933384829668, 15.968719422671311, 16.431676725154983, 16.881943016134134, 17.320508075688775, 17.74823934929885, 18.16590212458495, 18.57417562100671, 18.973665961010276, 19.364916731037084, 19.748417658131498, 20.12461179749811, 20.493901531919196, 20.85665361461421, 21.213203435596427, 21.563858652847824, 21.908902300206645, 22.24859546128699, 22.58317958127243, 22.9128784747792, 23.2379000772445, 23.558437978779494, 23.874672772626646, 24.186773244895647, 24.49489742783178, 24.79919353527449, 25.099800796022265, 25.39685019840059, 25.69046515733026, 25.98076211353316, 26.267851073127396, 26.551836094703507, 26.832815729997478, 27.110883423451916, 27.386127875258307, 27.65863337187866, 27.92848008753788, 28.19574435974337, 28.460498941515414, 28.722813232690143, 28.982753492378876, 29.24038303442689, 29.49576240750525, 29.748949561287034, 30.0, 30.24896692450835, 30.495901363953813, 30.740852297878796, 30.983866769659336, 31.22498999199199, 31.464265445104548, 31.701734968294716, 31.937438845342623, 32.17141588429082, 32.4037034920393, 32.63433774416144, 32.863353450309965, 33.090784215548595, 33.31666249791537, 33.54101966249684, 33.76388603226827, 33.98529093593286, 34.20526275297414, 34.42382895611701, 34.64101615137755, 34.85685011586675, 35.07135583350036, 35.2845575287547, 35.4964786985977, 35.70714214271425, 35.91656999213594, 36.124783736376884, 36.3318042491699, 36.53765181289022, 36.742346141747674, 36.945906403822335, 37.14835124201342, 37.3496987939662, 37.54996671103717, 37.749172176353746, 37.94733192202055, 38.144462245521304, 38.34057902536163, 38.535697735995385, 38.72983346207417], [4.0, 5.656854249492381, 6.928203230275509, 8.0, 8.94427190999916, 9.797958971132712, 10.583005244258363, 11.313708498984761, 12.0, 12.649110640673518, 13.2664991614216, 13.856406460551018, 14.422205101855956, 14.966629547095765, 15.491933384829668, 16.0, 16.492422502470642, 16.97056274847714, 17.435595774162696, 17.88854381999832, 18.33030277982336, 18.76166303929372, 19.183326093250876, 19.595917942265423, 20.0, 20.396078054371138, 20.784609690826528, 21.166010488516726, 21.540659228538015, 21.908902300206645, 22.271057451320086, 22.627416997969522, 22.978250586152114, 23.323807579381203, 23.664319132398465, 24.0, 24.331050121192877, 24.657656011875904, 24.979991993593593, 25.298221281347036, 25.612496949731394, 25.92296279363144, 26.229754097208, 26.5329983228432, 26.832815729997478, 27.129319932501073, 27.422618401604176, 27.712812921102035, 28.0, 28.284271247461902, 28.5657137141714, 28.844410203711913, 29.120439557122072, 29.393876913398138, 29.664793948382652, 29.93325909419153, 30.199337741083, 30.463092423455635, 30.72458299147443, 30.983866769659336, 31.240998703626616, 31.496031496047245, 31.74901573277509, 32.0, 32.2490309931942, 32.49615361854384, 32.7414110874898, 32.984845004941285, 33.2264954516723, 33.46640106136302, 33.704599092705436, 33.94112549695428, 34.17601498127012, 34.40930106817051, 34.64101615137755, 34.87119154832539, 35.09985754956849, 35.32704346531139, 35.552777669262355, 35.77708763999664, 36.0, 36.22154055254967, 36.4417343165772, 36.66060555964672, 36.87817782917155, 37.094473981982816, 37.30951621235526, 37.52332607858744, 37.73592452822641, 37.94733192202055, 38.157568056677825, 38.36665218650175, 38.57460304397182, 38.781438859330635, 38.98717737923585, 39.191835884530846, 39.395431207184416, 39.59797974644666, 39.7994974842648, 40.0], [4.123105625617661, 5.830951894845301, 7.14142842854285, 8.246211251235321, 9.219544457292887, 10.099504938362077, 10.908712114635714, 11.661903789690601, 12.36931687685298, 13.038404810405298, 13.674794331177344, 14.2828568570857, 14.866068747318506, 15.427248620541512, 15.968719422671311, 16.492422502470642, 17.0, 17.4928556845359, 17.97220075561143, 18.439088914585774, 18.894443627691185, 19.339079605813716, 19.77371993328519, 20.199009876724155, 20.615528128088304, 21.02379604162864, 21.42428528562855, 21.817424229271428, 22.20360331117452, 22.58317958127243, 22.956480566497994, 23.323807579381203, 23.68543856465402, 24.041630560342615, 24.392621835300936, 24.73863375370596, 25.079872407968907, 25.41653005427767, 25.748786379167466, 26.076809620810597, 26.40075756488817, 26.720778431774775, 27.03701166919155, 27.349588662354687, 27.65863337187866, 27.964262908219126, 28.26658805020514, 28.5657137141714, 28.861739379323623, 29.154759474226502, 29.444863728670914, 29.732137494637012, 30.01666203960727, 30.298514815086232, 30.577769702841312, 30.854497241083024, 31.12876483254676, 31.400636936215164, 31.670175244226233, 31.937438845342623, 32.202484376209235, 32.46536616149585, 32.72613634390714, 32.984845004941285, 33.24154027718932, 33.49626844888845, 33.74907406137241, 34.0, 34.249087579087416, 34.49637662132068, 34.741905532080416, 34.9857113690718, 35.22782990761707, 35.4682957019364, 35.70714214271425, 35.94440151122286, 36.180105030251084, 36.41428291206625, 36.64696440361739, 36.87817782917155, 37.107950630558946, 37.33630940518894, 37.5632799419859, 37.78888725538237, 38.01315561749642, 38.23610858861032, 38.45776904605882, 38.67815921162743, 38.897300677553446, 39.11521443121589, 39.331920878594275, 39.54743986657038, 39.761790704142086, 39.97499218261337, 40.18706259482024, 40.39801975344831, 40.607881008493905, 40.8166632639171, 41.02438299353203, 41.23105625617661], [4.242640687119285, 6.0, 7.3484692283495345, 8.48528137423857, 9.486832980505138, 10.392304845413264, 11.224972160321824, 12.0, 12.727922061357855, 13.416407864998739, 14.071247279470288, 14.696938456699069, 15.297058540778355, 15.874507866387544, 16.431676725154983, 16.97056274847714, 17.4928556845359, 18.0, 18.49324200890693, 18.973665961010276, 19.44222209522358, 19.8997487421324, 20.346989949375804, 20.784609690826528, 21.213203435596427, 21.633307652783937, 22.045407685048602, 22.44994432064365, 22.847319317591726, 23.2379000772445, 23.62202362203543, 24.0, 24.372115213907882, 24.73863375370596, 25.099800796022265, 25.45584412271571, 25.80697580112788, 26.153393661244042, 26.49528259898354, 26.832815729997478, 27.16615541441225, 27.49545416973504, 27.820855486487112, 28.142494558940577, 28.460498941515414, 28.77498913987632, 29.086079144497972, 29.393876913398138, 29.698484809834994, 30.0, 30.298514815086232, 30.59411708155671, 30.886890422961002, 31.176914536239792, 31.464265445104548, 31.74901573277509, 32.03123475609393, 32.31098884280702, 32.58834147360065, 32.863353450309965, 33.13608305156178, 33.406586176980134, 33.67491648096547, 33.94112549695428, 34.20526275297414, 34.46737587922817, 34.72751070837067, 34.9857113690718, 35.24202037341219, 35.4964786985977, 35.749125863438955, 36.0, 36.24913792078372, 36.49657518178932, 36.742346141747674, 36.98648401781386, 37.22902093797257, 37.469987990390386, 37.70941526992961, 37.94733192202055, 38.18376618407357, 38.41874542459709, 38.65229618017538, 38.88444419044716, 39.11521443121589, 39.344631145812, 39.57271787481876, 39.7994974842648, 40.024992192379, 40.24922359499622, 40.47221268969612, 40.69397989875161, 40.91454509095757, 41.13392760240627, 41.352146256270665, 41.569219381653056, 41.78516483155236, 42.0, 42.21374183841087, 42.42640687119285], [4.358898943540674, 6.164414002968976, 7.54983443527075, 8.717797887081348, 9.746794344808963, 10.677078252031311, 11.532562594670797, 12.328828005937952, 13.076696830622021, 13.784048752090222, 14.45683229480096, 15.0996688705415, 15.716233645501712, 16.30950643030009, 16.881943016134134, 17.435595774162696, 17.97220075561143, 18.49324200890693, 19.0, 19.493588689617926, 19.974984355438178, 20.445048300260872, 20.904544960366874, 21.354156504062622, 21.79449471770337, 22.22611077089287, 22.64950330581225, 23.065125189341593, 23.473389188611005, 23.874672772626646, 24.269322199023193, 24.657656011875904, 25.03996805109783, 25.41653005427767, 25.787593916455254, 26.153393661244042, 26.514147167125703, 26.870057685088806, 27.2213151776324, 27.568097504180443, 27.910571473905726, 28.24889378365107, 28.583211855912904, 28.91366458960192, 29.24038303442689, 29.563490998188964, 29.88310559496787, 30.199337741083, 30.512292604784715, 30.822070014844883, 31.12876483254676, 31.432467291003423, 31.73326330524486, 32.03123475609393, 32.32645975048923, 32.61901286060018, 32.90896534380867, 33.19638534539566, 33.481338085566414, 33.76388603226827, 34.044089061098404, 34.322004603461025, 34.597687784012386, 34.87119154832539, 35.14256678161116, 35.41186241925155, 35.679125549822544, 35.94440151122286, 36.207733980463345, 36.46916505762094, 36.72873534441391, 36.98648401781386, 37.242448899072144, 37.49666651850535, 37.749172176353746, 38.0, 38.24918299781056, 38.49675310984031, 38.742741255621034, 38.98717737923585, 39.230090491866065, 39.4715087119811, 39.71145930332956, 39.949968710876355, 40.18706259482024, 40.422765862815474, 40.65710270051225, 40.890096600521744, 41.12177038990418, 41.352146256270665, 41.58124577258358, 41.80908992073375, 42.035699113967404, 42.261093218230876, 42.485291572496, 42.708313008125245, 42.930175867331364, 43.15089802078283, 43.37049688440288, 43.58898943540674], [4.47213595499958, 6.324555320336759, 7.745966692414834, 8.94427190999916, 10.0, 10.954451150103322, 11.832159566199232, 12.649110640673518, 13.416407864998739, 14.142135623730951, 14.832396974191326, 15.491933384829668, 16.1245154965971, 16.73320053068151, 17.320508075688775, 17.88854381999832, 18.439088914585774, 18.973665961010276, 19.493588689617926, 20.0, 20.493901531919196, 20.97617696340303, 21.447610589527216, 21.908902300206645, 22.360679774997898, 22.80350850198276, 23.2379000772445, 23.664319132398465, 24.08318915758459, 24.49489742783178, 24.899799195977465, 25.298221281347036, 25.69046515733026, 26.076809620810597, 26.457513110645905, 26.832815729997478, 27.202941017470888, 27.568097504180443, 27.92848008753788, 28.284271247461902, 28.635642126552707, 28.982753492378876, 29.32575659723036, 29.664793948382652, 30.0, 30.331501776206203, 30.659419433511783, 30.983866769659336, 31.304951684997057, 31.622776601683793, 31.937438845342623, 32.2490309931942, 32.55764119219941, 32.863353450309965, 33.166247903554, 33.46640106136302, 33.76388603226827, 34.058772731852805, 34.351128074635334, 34.64101615137755, 34.92849839314596, 35.21363372331802, 35.4964786985977, 35.77708763999664, 36.05551275463989, 36.3318042491699, 36.60601043544625, 36.87817782917155, 37.14835124201342, 37.416573867739416, 37.68288736283355, 37.94733192202055, 38.2099463490856, 38.47076812334269, 38.72983346207417, 38.98717737923585, 39.242833740697165, 39.496835316262995, 39.74921382870358, 40.0, 40.24922359499622, 40.496913462633174, 40.74309757492672, 40.98780306383839, 41.23105625617661, 41.47288270665544, 41.71330722922842, 41.95235392680606, 42.190046219457976, 42.42640687119285, 42.661458015403085, 42.89522117905443, 43.12771730569565, 43.3589667773576, 43.58898943540674, 43.81780460041329, 44.04543109109048, 44.27188724235731, 44.49719092257398, 44.721359549995796], [4.58257569495584, 6.48074069840786, 7.937253933193772, 9.16515138991168, 10.246950765959598, 11.224972160321824, 12.12435565298214, 12.96148139681572, 13.74772708486752, 14.491376746189438, 15.198684153570664, 15.874507866387544, 16.522711641858304, 17.146428199482248, 17.74823934929885, 18.33030277982336, 18.894443627691185, 19.44222209522358, 19.974984355438178, 20.493901531919196, 21.0, 21.494185260204677, 21.97726097583591, 22.44994432064365, 22.9128784747792, 23.366642891095847, 23.811761799581316, 24.24871130596428, 24.677925358506133, 25.099800796022265, 25.514701644346147, 25.92296279363144, 26.324893162176366, 26.720778431774775, 27.110883423451916, 27.49545416973504, 27.874719729532707, 28.24889378365107, 28.61817604250837, 28.982753492378876, 29.34280150224242, 29.698484809834994, 30.04995840263344, 30.397368307141328, 30.740852297878796, 31.080540535840107, 31.416556144810016, 31.74901573277509, 32.07802986469088, 32.4037034920393, 32.72613634390714, 33.04542328371661, 33.36165463522455, 33.67491648096547, 33.98529093593286, 34.292856398964496, 34.597687784012386, 34.899856733230294, 35.199431813596085, 35.4964786985977, 35.79106033634656, 36.08323710533743, 36.373066958946424, 36.66060555964672, 36.945906403822335, 37.22902093797257, 37.509